Prediction for P1020826.jpg:
x: 74.15660858154297
y: 142.7815704345703
