Prediction for P1020841.jpg:
x: 68.40320587158203
y: 53.057037353515625
