Prediction for P1020816.jpg:
x: 0.529788076877594
y: 0.7499615550041199
