Prediction for P1020825.jpg:
x: 24.73509979248047
y: 16.62015724182129
