Prediction for P1020845.jpg:
x: 6.319638729095459
y: -728.8604736328125
