Prediction for P1020830.jpg:
x: 60.666969299316406
y: -228.030029296875
