Prediction for P1020847.jpg:
x: 10.731590270996094
y: 17.796127319335938
