Prediction for P1020177.jpg:
x: -3.679896116256714
y: -47.82052230834961
