Prediction for P1020839.jpg:
x: 26.104028701782227
y: 8.810988426208496
