Prediction for P1020829.jpg:
x: -60.507606506347656
y: -199.46360778808594
