Prediction for P1020171.jpg:
x: 10.407149314880371
y: -120.10017395019531
