Prediction for P1020828.jpg:
x: -152.29551696777344
y: -3.690795660018921
