Prediction for P1020817.jpg:
x: 0.06755783408880234
y: 0.09929563105106354
