Prediction for P1020824.jpg:
x: 8.449957847595215
y: 31.514062881469727
