Prediction for P1020856.jpg:
x: 92.57626342773438
y: -195.91648864746094
