Prediction for P1020848.jpg:
x: 93.96927642822266
y: 14.511405944824219
