Prediction for P1020887.jpg:
x: 68.49823760986328
y: 76.623291015625
