Prediction for P1020819.jpg:
x: 13.17047119140625
y: 8.218146324157715
