Prediction for P1020822.jpg:
x: 5.562129497528076
y: -137.45375061035156
