Prediction for P1020912.jpg:
x: 195.29200744628906
y: 105.67166900634766
