Prediction for P1020854.jpg:
x: -11.88999080657959
y: -414.9728698730469
