Prediction for P1020928.jpg:
x: 42.232601165771484
y: 142.93565368652344
