Prediction for P1020861.jpg:
x: 56.987545013427734
y: 207.1793670654297
