Prediction for P1020831.jpg:
x: 0.033046018332242966
y: 0.06872182339429855
