Prediction for P1020867.jpg:
x: 10.453442573547363
y: 8.274649620056152
