Prediction for P1020871.jpg:
x: 97.18830871582031
y: 2734.83349609375
