Prediction for P1020838.jpg:
x: 47.48455047607422
y: 302.3338317871094
