Prediction for P1020872.jpg:
x: 12.239455223083496
y: 133.104248046875
