Prediction for P1020860.jpg:
x: -9.374753952026367
y: 376.9853210449219
