Prediction for P1020833.jpg:
x: -127.9091567993164
y: 7528.36865234375
