Prediction for P1030004.jpg:
x: -54.10099411010742
y: 71.0035400390625
