Prediction for P1030001.jpg:
x: 31.734710693359375
y: 115.87281799316406
