Prediction for P1040862.jpg:
x: 26.291717529296875
y: -2410.138427734375
