Prediction for P1040822.jpg:
x: 28.458988189697266
y: -450.5118713378906
