Prediction for P1040845.jpg:
x: 23.489700317382812
y: -2201.54443359375
