Prediction for P1040817.jpg:
x: 63.15430450439453
y: -117.96842193603516
