Prediction for P1040863.jpg:
x: 139.9652099609375
y: 2899.27978515625
