Prediction for P1040853.jpg:
x: 146.61167907714844
y: 472.01397705078125
