Prediction for P1040811.jpg:
x: 192.9377899169922
y: -487.85284423828125
