Prediction for P1040856.jpg:
x: -118.39544677734375
y: 152.2135772705078
