Prediction for P1040783.jpg:
x: 112.8129653930664
y: -198.22947692871094
