Prediction for P1040815.jpg:
x: 30.884469985961914
y: -562.4659423828125
