Prediction for P1040825.jpg:
x: -40.910011291503906
y: -20.462621688842773
