Prediction for P1040855.jpg:
x: -313.4811706542969
y: 823.3982543945312
