Prediction for P1040812.jpg:
x: 282.69598388671875
y: -11923.5927734375
