Prediction for P1040833.jpg:
x: 1177.406005859375
y: 902.0906372070312
