Prediction for P1040798.jpg:
x: -4128.41943359375
y: 541.025146484375
