Prediction for P1040826.jpg:
x: 25.44054412841797
y: -3368.161376953125
