Prediction for P1040814.jpg:
x: 18.933008193969727
y: 802.9288330078125
