Prediction for P1040823.jpg:
x: -95.63291931152344
y: -145.60716247558594
