Prediction for P1040801.jpg:
x: -139.1643524169922
y: 155.87705993652344
