Prediction for P1040854.jpg:
x: 38.41187286376953
y: 397.7680969238281
