Prediction for P1040829.jpg:
x: -31.37691307067871
y: 481.89599609375
