Prediction for P1040819.jpg:
x: 51.041927337646484
y: 141.69569396972656
