Prediction for P1040870.jpg:
x: 43.747886657714844
y: -310.7280578613281
