Prediction for P1040818.jpg:
x: 37.52577209472656
y: -124.86053466796875
