Prediction for P1040850.jpg:
x: -39.907142639160156
y: 274.5678405761719
