Prediction for P1040788.jpg:
x: 900.4429931640625
y: 219.2203826904297
