Prediction for P1040843.jpg:
x: 1611.0916748046875
y: 908.5486450195312
