Prediction for P1040839.jpg:
x: -41.99522399902344
y: 116.44242095947266
