Prediction for P1040813.jpg:
x: 31.52178955078125
y: 891.7945556640625
