Prediction for P1040860.jpg:
x: 155.71104431152344
y: -21.535799026489258
