Prediction for P1040795.jpg:
x: -37.605770111083984
y: 235.1238555908203
