Prediction for P1040779.jpg:
x: 2.2797298431396484
y: 230.148681640625
