Prediction for P1080106.jpg:
x: 18.531063079833984
y: -126.0255355834961
