Prediction for P1080047.jpg:
x: -43.8151741027832
y: -24.087223052978516
