Prediction for P1080062.jpg:
x: -141.39207458496094
y: 57.45435333251953
