Prediction for P1080008.jpg:
x: -216.4071807861328
y: 184.9368438720703
