Prediction for P1080018.jpg:
x: 35.20513153076172
y: 53.81710433959961
