Prediction for P1080063.jpg:
x: 26.560699462890625
y: -816.7833862304688
