Prediction for P1080116.jpg:
x: 74.19054412841797
y: 51.18788528442383
