Prediction for P1080049.jpg:
x: 18.925004959106445
y: -147.41897583007812
