Prediction for P1080091.jpg:
x: 53.2392578125
y: -1493.717041015625
