Prediction for P1080092.jpg:
x: 82.11090087890625
y: -3124.032958984375
