Prediction for P1080093.jpg:
x: -17.78743553161621
y: -376.10369873046875
