Prediction for P1080005.jpg:
x: 53.14591598510742
y: 23.46172523498535
