Prediction for P1080015.jpg:
x: 69.2923583984375
y: 25.674341201782227
