Prediction for P1080020.jpg:
x: -3.9163780212402344
y: 31.33981704711914
