Prediction for P1080074.jpg:
x: 14.339715957641602
y: 87.29461669921875
