Prediction for P1080057.jpg:
x: 92.8136978149414
y: 10.26933765411377
