Prediction for P1080021.jpg:
x: -30.389623641967773
y: 28.225996017456055
