Prediction for P1080111.jpg:
x: 25.217321395874023
y: 3.820634603500366
