Prediction for P1080113.jpg:
x: 45.632713317871094
y: -78.4861831665039
