Prediction for P1080055.jpg:
x: 36.04618835449219
y: -12.943364143371582
