Prediction for P1080056.jpg:
x: 37.005882263183594
y: 2.759920597076416
