Prediction for P1080096.jpg:
x: 49.54864501953125
y: -315.0845031738281
