Prediction for P1080031.jpg:
x: 39.14631652832031
y: 34.870174407958984
