Prediction for P1080033.jpg:
x: -158.17869567871094
y: -2.9025189876556396
