Prediction for P1080045.jpg:
x: 170.23582458496094
y: 3530.462158203125
