Prediction for P1080011.jpg:
x: 22.074216842651367
y: -94.17406463623047
