Prediction for P1080023.jpg:
x: 31.62204360961914
y: 79.13502502441406
