Prediction for P1080104.jpg:
x: 58.54232406616211
y: 160.82090759277344
