Prediction for P1080084.jpg:
x: -2637.904052734375
y: -510.1329040527344
