Prediction for P1080053.jpg:
x: 32.38532638549805
y: 27.95206642150879
