Prediction for P1080077.jpg:
x: 42.9161491394043
y: -4692.82470703125
