Prediction for P1080119.jpg:
x: 9.48983097076416
y: -96.37773132324219
