Prediction for P1080078.jpg:
x: -45.25022888183594
y: -382.07696533203125
