Prediction for P1080079.jpg:
x: 39.75934982299805
y: 24.244958877563477
