Prediction for P1080100.jpg:
x: 53.187435150146484
y: -163.9066619873047
