Prediction for P1080025.jpg:
x: 22.706026077270508
y: -218.73838806152344
