Prediction for P1080032.jpg:
x: 100.2900390625
y: -65.42987060546875
