Prediction for P1080036.jpg:
x: -26.537214279174805
y: 593.4878540039062
